[38;2;0;0;0m [38;2;0;0;0m [38;2;0;0;0m [38;2;0;0;0m [38;2;0;0;0m [38;2;0;0;0m [38;2;0;0;0m [38;2;0;0;0m [38;2;0;0;0m [38;2;0;0;0m [38;2;0;0;0m [38;2;0;0;0m [38;2;0;0;0m [38;2;0;0;0m [38;2;0;0;0m [38;2;0;0;0m [38;2;0;0;0m [38;2;0;0;0m [38;2;0;0;0m [38;2;0;0;0m [38;2;0;0;0m [38;2;0;0;0m [38;2;0;0;0m [38;2;0;0;0m [38;2;0;0;0m [38;2;0;0;0m [38;2;7;3;6m [38;2;25;12;25m.[38;2;37;20;39m.[38;2;32;20;36m.[38;2;47;35;60m.[38;2;80;66;109m-[38;2;94;78;129m-[38;2;113;82;138m-[38;2;138;100;169m=[38;2;132;111;183m=[38;2;128;112;184m=[38;2;131;108;181m=[38;2;141;98;165m=[38;2;119;66;108m-[38;2;53;26;43m.[38;2;20;10;17m [38;2;10;4;7m [38;2;11;5;9m [38;2;21;11;19m [38;2;56;27;46m.[38;2;61;37;62m:[38;2;49;34;57m.[38;2;26;15;26m.[38;2;2;1;2m [38;2;0;0;0m [38;2;0;0;0m [38;2;0;0;0m [38;2;0;0;0m [38;2;0;0;0m [38;2;0;0;0m [38;2;0;0;0m [0m
[38;2;0;0;0m [38;2;0;0;0m [38;2;0;0;0m [38;2;0;0;0m [38;2;0;0;0m [38;2;0;0;0m [38;2;0;0;0m [38;2;0;0;0m [38;2;0;0;0m [38;2;0;0;0m [38;2;0;0;0m [38;2;0;0;0m [38;2;0;0;0m [38;2;0;0;0m [38;2;0;0;0m [38;2;0;0;0m [38;2;0;0;0m [38;2;0;0;0m [38;2;0;0;0m [38;2;0;0;0m [38;2;0;0;0m [38;2;0;0;0m [38;2;0;0;0m [38;2;2;1;2m [38;2;18;11;21m [38;2;49;30;56m.[38;2;96;65;115m-[38;2;122;91;159m=[38;2;126;102;173m=[38;2;121;104;172m=[38;2;123;112;184m=[38;2;127;119;195m=[38;2;127;120;197m=[38;2;128;121;197m+[38;2;127;122;198m+[38;2;128;122;199m+[38;2;129;122;199m+[38;2;129;122;199m+[38;2;132;122;200m+[38;2;145;121;197m+[38;2;159;109;179m=[38;2;136;92;155m=[38;2;120;79;137m-[38;2;116;87;146m-[38;2;120;97;162m=[38;2;145;111;184m=[38;2;142;116;191m=[38;2;136;115;189m=[38;2;135;93;156m=[38;2;51;25;43m.[38;2;3;1;2m [38;2;0;0;0m [38;2;0;0;0m [38;2;0;0;0m [38;2;0;0;0m [38;2;0;0;0m [38;2;0;0;0m [0m
[38;2;0;0;0m [38;2;0;0;0m [38;2;0;0;0m [38;2;0;0;0m [38;2;0;0;0m [38;2;0;0;0m [38;2;0;0;0m [38;2;0;0;0m [38;2;0;0;0m [38;2;0;0;0m [38;2;0;0;0m [38;2;0;0;0m [38;2;0;0;0m [38;2;0;0;0m [38;2;0;0;0m [38;2;0;0;0m [38;2;0;0;0m [38;2;0;0;0m [38;2;0;0;0m [38;2;0;0;0m [38;2;0;0;0m [38;2;0;0;0m [38;2;5;3;4m [38;2;58;30;60m.[38;2;114;71;138m-[38;2;130;97;173m=[38;2;130;108;186m=[38;2;127;114;191m=[38;2;126;118;194m=[38;2;126;119;195m=[38;2;125;119;196m=[38;2;125;120;196m=[38;2;126;120;196m=[38;2;126;121;197m+[38;2;126;122;198m+[38;2;127;122;199m+[38;2;127;123;200m+[38;2;128;122;200m+[38;2;128;122;200m+[38;2;129;122;199m+[38;2;131;121;198m+[38;2;138;120;198m+[38;2;135;121;198m+[38;2;131;121;199m+[38;2;130;122;200m+[38;2;129;122;200m+[38;2;130;122;199m+[38;2;135;121;199m+[38;2;157;118;196m+[38;2;156;93;158m=[38;2;108;63;109m-[38;2;63;42;70m:[38;2;39;28;48m.[38;2;28;21;35m.[38;2;12;8;14m [38;2;2;1;2m [38;2;0;0;0m [0m
[38;2;0;0;0m [38;2;0;0;0m [38;2;0;0;0m [38;2;0;0;0m [38;2;0;0;0m [38;2;0;0;0m [38;2;0;0;0m [38;2;0;0;0m [38;2;0;0;0m [38;2;0;0;0m [38;2;0;0;0m [38;2;0;0;0m [38;2;0;0;0m [38;2;0;0;0m [38;2;0;0;0m [38;2;0;0;0m [38;2;0;0;0m [38;2;0;0;0m [38;2;0;0;0m [38;2;0;0;0m [38;2;1;1;1m [38;2;10;6;11m [38;2;50;32;56m.[38;2;127;71;146m-[38;2;136;81;163m-[38;2;134;88;170m=[38;2;129;108;188m=[38;2;127;115;193m=[38;2;126;117;194m=[38;2;125;118;195m=[38;2;126;118;195m=[38;2;126;120;196m=[38;2;126;121;196m=[38;2;126;122;197m+[38;2;127;121;197m+[38;2;129;121;196m+[38;2;136;120;197m+[38;2;140;120;197m+[38;2;132;121;198m+[38;2;132;121;198m+[38;2;132;119;195m=[38;2;133;119;196m+[38;2;133;120;196m+[38;2;134;119;195m+[38;2;136;117;193m=[38;2;135;117;194m=[38;2;132;120;197m+[38;2;133;118;196m=[38;2;142;116;194m=[38;2;145;115;193m=[38;2;143;118;194m+[38;2;135;117;192m=[38;2;128;112;185m=[38;2;123;107;179m=[38;2;111;89;151m-[38;2;120;58;103m-[38;2;87;41;65m:[0m
[38;2;0;0;0m [38;2;0;0;0m [38;2;0;0;0m [38;2;0;0;0m [38;2;0;0;0m [38;2;0;0;0m [38;2;0;0;0m [38;2;0;0;0m [38;2;0;0;0m [38;2;0;0;0m [38;2;0;0;0m [38;2;0;0;0m [38;2;0;0;0m [38;2;0;0;0m [38;2;0;0;0m [38;2;0;0;0m [38;2;0;0;0m [38;2;0;0;0m [38;2;0;0;0m [38;2;3;2;2m [38;2;57;28;60m.[38;2;104;71;135m-[38;2;123;91;165m=[38;2;133;94;175m=[38;2;133;93;173m=[38;2;129;101;180m=[38;2;124;111;189m=[38;2;124;115;192m=[38;2;126;115;193m=[38;2;130;116;194m=[38;2;134;115;191m=[38;2;136;116;192m=[38;2;143;117;192m+[38;2;145;117;193m+[38;2;142;115;191m=[38;2;138;113;190m=[38;2;140;114;193m=[38;2;136;117;196m=[38;2;134;119;197m+[38;2;139;119;196m+[38;2;139;116;193m=[38;2;136;117;194m=[38;2;134;117;193m=[38;2;134;118;195m=[38;2;136;118;194m=[38;2;138;116;193m=[38;2;137;112;186m=[38;2;135;108;184m=[38;2;135;112;192m=[38;2;136;113;192m=[38;2;154;112;191m=[38;2;150;108;188m=[38;2;126;112;193m=[38;2;131;101;187m=[38;2;130;96;187m=[38;2;171;76;176m=[38;2;208;90;167m=[0m
[38;2;0;0;0m [38;2;0;0;0m [38;2;0;0;0m [38;2;0;0;0m [38;2;0;0;0m [38;2;0;0;0m [38;2;0;0;0m [38;2;0;0;0m [38;2;0;0;0m [38;2;0;0;0m [38;2;0;0;0m [38;2;0;0;0m [38;2;0;0;0m [38;2;0;0;0m [38;2;0;0;0m [38;2;0;0;0m [38;2;0;0;0m [38;2;0;0;0m [38;2;0;0;0m [38;2;27;14;25m.[38;2;116;67;139m-[38;2;131;84;171m=[38;2;131;87;171m=[38;2;130;96;176m=[38;2;130;100;175m=[38;2;128;104;179m=[38;2;125;107;185m=[38;2;124;107;187m=[38;2;124;108;189m=[38;2;125;111;191m=[38;2;128;113;191m=[38;2;132;111;188m=[38;2;132;114;189m=[38;2;128;116;192m=[38;2;126;117;194m=[38;2;127;112;192m=[38;2;128;107;191m=[38;2;126;108;193m=[38;2;125;105;193m=[38;2;124;106;192m=[38;2;123;108;192m=[38;2;122;112;194m=[38;2;123;110;191m=[38;2;124;111;192m=[38;2;123;113;194m=[38;2;124;113;194m=[38;2;131;97;176m=[38;2;126;91;181m=[38;2;123;90;187m=[38;2;124;88;185m=[38;2;137;73;174m-[38;2;140;71;171m-[38;2;133;65;170m-[38;2;136;50;165m-[38;2;131;46;169m-[38;2;142;41;155m:[38;2;106;30;82m:[0m
[38;2;0;0;0m [38;2;0;0;0m [38;2;0;0;0m [38;2;0;0;0m [38;2;0;0;0m [38;2;0;0;0m [38;2;0;0;0m [38;2;0;0;0m [38;2;0;0;0m [38;2;0;0;0m [38;2;0;0;0m [38;2;0;0;0m [38;2;0;0;0m [38;2;0;0;0m [38;2;0;0;0m [38;2;0;0;0m [38;2;0;0;0m [38;2;0;0;0m [38;2;0;0;0m [38;2;55;23;50m.[38;2;131;43;137m:[38;2;134;46;144m-[38;2;131;73;165m-[38;2;129;92;176m=[38;2;125;105;185m=[38;2;124;106;185m=[38;2;123;106;185m=[38;2;122;102;184m=[38;2;123;92;182m=[38;2;123;88;182m=[38;2;123;92;182m=[38;2;123;97;186m=[38;2;123;101;188m=[38;2;122;108;190m=[38;2;125;104;181m=[38;2;124;110;188m=[38;2;126;103;183m=[38;2;122;103;187m=[38;2;124;90;183m=[38;2;128;68;176m-[38;2;128;70;176m-[38;2;126;75;179m-[38;2;123;81;182m-[38;2;122;82;183m-[38;2;122;78;183m-[38;2;123;69;179m-[38;2;124;66;173m-[38;2;126;55;168m-[38;2;126;46;170m-[38;2;126;44;166m:[38;2;131;38;152m:[38;2;130;40;162m:[38;2;131;38;159m:[38;2;132;38;159m:[38;2;138;38;157m:[38;2;147;43;148m-[38;2;57;16;41m.[0m
[38;2;0;0;0m [38;2;0;0;0m [38;2;0;0;0m [38;2;0;0;0m [38;2;0;0;0m [38;2;0;0;0m [38;2;0;0;0m [38;2;0;0;0m [38;2;0;0;0m [38;2;0;0;0m [38;2;0;0;0m [38;2;0;0;0m [38;2;0;0;0m [38;2;0;0;0m [38;2;0;0;0m [38;2;0;0;0m [38;2;0;0;0m [38;2;0;0;0m [38;2;0;0;0m [38;2;47;20;42m.[38;2;133;34;111m:[38;2;132;73;160m-[38;2;122;103;184m=[38;2;120;103;185m=[38;2;121;95;183m=[38;2;122;93;181m=[38;2;122;83;174m-[38;2;124;59;164m-[38;2;124;45;162m:[38;2;124;39;163m:[38;2;124;39;161m:[38;2;126;41;158m:[38;2;128;42;154m:[38;2;128;52;163m-[38;2;128;62;162m-[38;2;122;92;182m=[38;2;121;102;186m=[38;2;124;98;184m=[38;2;124;100;183m=[38;2;124;101;184m=[38;2;126;95;177m=[38;2;126;81;174m-[38;2;128;59;169m-[38;2;129;45;168m-[38;2;127;46;172m-[38;2;126;49;176m-[38;2;125;59;179m-[38;2;125;64;180m-[38;2;128;48;178m-[38;2;137;46;176m-[38;2;160;55;175m-[38;2;161;56;156m-[38;2;115;33;128m:[38;2;101;31;114m:[38;2;87;26;98m:[38;2;58;17;60m.[38;2;12;3;8m [0m
[38;2;0;0;0m [38;2;0;0;0m [38;2;0;0;0m [38;2;0;0;0m [38;2;0;0;0m [38;2;0;0;0m [38;2;0;0;0m [38;2;0;0;0m [38;2;0;0;0m [38;2;0;0;0m [38;2;0;0;0m [38;2;0;0;0m [38;2;0;0;0m [38;2;0;0;0m [38;2;0;0;0m [38;2;0;0;0m [38;2;0;0;0m [38;2;0;0;0m [38;2;2;1;2m [38;2;51;29;52m.[38;2;129;48;125m:[38;2;129;45;157m-[38;2;121;79;177m-[38;2;117;96;183m=[38;2;124;79;168m-[38;2;124;62;168m-[38;2;123;54;169m-[38;2;126;38;154m:[38;2;126;33;149m:[38;2;124;34;155m:[38;2;124;34;153m:[38;2;127;37;146m:[38;2;127;46;138m:[38;2;130;38;147m:[38;2;130;44;152m:[38;2;126;71;164m-[38;2;125;90;174m=[38;2;124;100;181m=[38;2;122;104;185m=[38;2;125;96;177m=[38;2;128;81;169m-[38;2;128;79;174m-[38;2;125;82;182m-[38;2;125;77;185m-[38;2;123;87;190m=[38;2;122;98;194m=[38;2;121;110;197m=[38;2;122;112;198m=[38;2;128;98;194m=[38;2;186;89;191m=[38;2;242;102;190m+[38;2;146;65;109m-[38;2;18;6;16m [38;2;7;3;6m [38;2;2;1;2m [38;2;0;0;0m [38;2;0;0;0m [0m
[38;2;0;0;0m [38;2;0;0;0m [38;2;0;0;0m [38;2;0;0;0m [38;2;0;0;0m [38;2;0;0;0m [38;2;0;0;0m [38;2;0;0;0m [38;2;0;0;0m [38;2;0;0;0m [38;2;0;0;0m [38;2;0;0;0m [38;2;0;0;0m [38;2;0;0;0m [38;2;0;0;0m [38;2;0;0;0m [38;2;0;0;0m [38;2;0;0;0m [38;2;10;7;11m [38;2;103;45;112m:[38;2;135;41;145m:[38;2;132;29;138m:[38;2;127;36;154m:[38;2;120;61;170m-[38;2;118;83;178m-[38;2;120;84;176m-[38;2;117;88;182m=[38;2;123;54;167m-[38;2;122;49;165m-[38;2;124;48;154m-[38;2;127;46;151m:[38;2;124;60;164m-[38;2;127;43;145m:[38;2;128;37;147m:[38;2;128;41;152m:[38;2;126;57;165m-[38;2;126;78;172m-[38;2;124;96;181m=[38;2;126;82;178m-[38;2;129;69;174m-[38;2;128;78;178m-[38;2;124;93;186m=[38;2;120;103;191m=[38;2;121;105;193m=[38;2;122;108;194m=[38;2;122;109;196m=[38;2;122;110;196m=[38;2;124;109;196m=[38;2;128;108;195m=[38;2;151;113;197m=[38;2;227;116;192m+[38;2;127;60;95m-[38;2;2;1;1m [38;2;0;0;0m [38;2;0;0;0m [38;2;0;0;0m [38;2;0;0;0m [0m
[38;2;0;0;0m [38;2;0;0;0m [38;2;0;0;0m [38;2;0;0;0m [38;2;0;0;0m [38;2;0;0;0m [38;2;0;0;0m [38;2;0;0;0m [38;2;0;0;0m [38;2;0;0;0m [38;2;0;0;0m [38;2;0;0;0m [38;2;0;0;0m [38;2;0;0;0m [38;2;0;0;0m [38;2;0;0;0m [38;2;0;0;0m [38;2;0;0;0m [38;2;3;2;3m [38;2;74;28;74m.[38;2;135;31;138m:[38;2;132;28;136m:[38;2;130;30;139m:[38;2;126;36;150m:[38;2;126;47;154m-[38;2;122;62;169m-[38;2;118;83;180m-[38;2;118;84;179m-[38;2;119;81;174m-[38;2;121;75;166m-[38;2;121;77;171m-[38;2;126;55;161m-[38;2;128;39;153m:[38;2;129;36;149m:[38;2;128;43;156m:[38;2;124;67;168m-[38;2;123;82;175m-[38;2;122;100;186m=[38;2;123;101;192m=[38;2;123;103;192m=[38;2;121;114;195m=[38;2;120;116;196m=[38;2;120;113;195m=[38;2;122;102;192m=[38;2;125;92;187m=[38;2;128;85;186m=[38;2;130;75;182m-[38;2;131;65;177m-[38;2;133;61;179m-[38;2;137;69;187m-[38;2;162;70;155m-[38;2;66;28;47m.[38;2;2;1;1m [38;2;0;0;0m [38;2;0;0;0m [38;2;0;0;0m [38;2;0;0;0m [0m
[38;2;0;0;0m [38;2;0;0;0m [38;2;0;0;0m [38;2;0;0;0m [38;2;0;0;0m [38;2;0;0;0m [38;2;0;0;0m [38;2;0;0;0m [38;2;0;0;0m [38;2;0;0;0m [38;2;0;0;0m [38;2;0;0;0m [38;2;0;0;0m [38;2;0;0;0m [38;2;0;0;0m [38;2;0;0;0m [38;2;0;0;0m [38;2;0;0;0m [38;2;0;0;0m [38;2;48;21;48m.[38;2;129;34;137m:[38;2;131;31;145m:[38;2;127;31;145m:[38;2;125;41;153m:[38;2;123;57;162m-[38;2;122;63;168m-[38;2;122;63;157m-[38;2;123;55;161m-[38;2;125;47;157m-[38;2;127;43;146m:[38;2;124;65;161m-[38;2;121;89;178m=[38;2;122;81;171m-[38;2;125;69;163m-[38;2;126;63;168m-[38;2;122;91;179m=[38;2;122;100;181m=[38;2;126;98;176m=[38;2;122;113;192m=[38;2;121;117;195m=[38;2;121;119;197m=[38;2;121;120;198m=[38;2;121;120;198m=[38;2;122;121;199m=[38;2;123;119;199m=[38;2;132;113;197m=[38;2;170;95;188m=[38;2;140;72;186m-[38;2;131;78;194m-[38;2;132;96;199m=[38;2;140;82;147m-[38;2;21;9;14m [38;2;0;0;0m [38;2;0;0;0m [38;2;0;0;0m [38;2;0;0;0m [38;2;0;0;0m [0m
[38;2;0;0;0m [38;2;0;0;0m [38;2;0;0;0m [38;2;0;0;0m [38;2;0;0;0m [38;2;0;0;0m [38;2;0;0;0m [38;2;0;0;0m [38;2;0;0;0m [38;2;0;0;0m [38;2;0;0;0m [38;2;0;0;0m [38;2;0;0;0m [38;2;0;0;0m [38;2;0;0;0m [38;2;0;0;0m [38;2;0;0;0m [38;2;0;0;0m [38;2;0;0;0m [38;2;10;6;10m [38;2;91;32;88m:[38;2;136;29;125m:[38;2;132;28;132m:[38;2;130;30;139m:[38;2;128;31;148m:[38;2;125;43;159m:[38;2;121;59;162m-[38;2;123;46;161m:[38;2;123;40;159m:[38;2;125;33;147m:[38;2;124;39;157m:[38;2;122;63;169m-[38;2;119;87;181m=[38;2;118;94;185m=[38;2;121;90;182m=[38;2;122;87;178m=[38;2;123;92;177m=[38;2;125;96;180m=[38;2;122;110;191m=[38;2;121;117;195m=[38;2;120;119;197m=[38;2;120;119;198m=[38;2;120;120;199m=[38;2;120;120;200m=[38;2;121;121;200m=[38;2;130;121;201m+[38;2;194;123;198m+[38;2;155;119;200m+[38;2;125;120;203m=[38;2;126;122;203m+[38;2;144;113;187m=[38;2;65;32;53m.[38;2;1;0;0m [38;2;0;0;0m [38;2;0;0;0m [38;2;0;0;0m [38;2;0;0;0m [0m
[38;2;0;0;0m [38;2;0;0;0m [38;2;0;0;0m [38;2;0;0;0m [38;2;0;0;0m [38;2;0;0;0m [38;2;0;0;0m [38;2;0;0;0m [38;2;0;0;0m [38;2;0;0;0m [38;2;0;0;0m [38;2;0;0;0m [38;2;0;0;0m [38;2;0;0;0m [38;2;0;0;0m [38;2;0;0;0m [38;2;0;0;0m [38;2;0;0;0m [38;2;0;0;0m [38;2;13;9;13m [38;2;109;46;111m:[38;2;132;39;149m:[38;2;124;54;166m-[38;2;122;62;170m-[38;2;124;46;161m-[38;2;125;33;156m:[38;2;124;32;153m:[38;2;122;34;156m:[38;2;123;32;150m:[38;2;122;31;156m:[38;2;121;33;163m:[38;2;121;35;163m:[38;2;122;38;163m:[38;2;121;48;168m-[38;2;118;82;181m-[38;2;118;93;184m=[38;2;121;94;181m=[38;2;121;98;185m=[38;2;120;108;192m=[38;2;118;115;196m=[38;2;119;117;198m=[38;2;119;118;199m=[38;2;118;118;199m=[38;2;118;119;199m=[38;2;119;119;200m=[38;2;120;120;201m=[38;2;129;120;202m+[38;2;128;120;202m+[38;2;123;119;202m=[38;2;125;118;202m=[38;2;133;118;200m=[38;2;124;72;120m-[38;2;11;4;7m [38;2;0;0;0m [38;2;0;0;0m [38;2;0;0;0m [38;2;0;0;0m [0m
[38;2;0;0;0m [38;2;0;0;0m [38;2;0;0;0m [38;2;0;0;0m [38;2;0;0;0m [38;2;0;0;0m [38;2;0;0;0m [38;2;0;0;0m [38;2;0;0;0m [38;2;0;0;0m [38;2;0;0;0m [38;2;0;0;0m [38;2;0;0;0m [38;2;0;0;0m [38;2;0;0;0m [38;2;0;0;0m [38;2;0;0;0m [38;2;0;0;0m [38;2;0;0;0m [38;2;27;15;26m.[38;2;123;41;133m:[38;2;131;44;157m:[38;2;123;61;170m-[38;2;119;69;174m-[38;2;120;59;171m-[38;2;123;35;162m:[38;2;123;32;158m:[38;2;122;32;155m:[38;2;122;31;153m:[38;2;120;33;163m:[38;2;120;34;165m:[38;2;120;35;166m:[38;2;120;35;167m:[38;2;119;39;168m:[38;2;116;65;178m-[38;2;115;92;186m=[38;2;115;103;191m=[38;2;116;108;193m=[38;2;116;111;195m=[38;2;117;113;196m=[38;2;117;114;197m=[38;2;118;114;198m=[38;2;118;115;199m=[38;2;119;116;199m=[38;2;119;116;200m=[38;2;120;117;200m=[38;2;121;118;201m=[38;2;123;117;201m=[38;2;142;97;195m=[38;2;112;65;145m-[38;2;100;67;135m-[38;2;90;50;98m:[38;2;12;5;9m [38;2;0;0;0m [38;2;0;0;0m [38;2;0;0;0m [38;2;0;0;0m [0m
[38;2;0;0;0m [38;2;0;0;0m [38;2;0;0;0m [38;2;0;0;0m [38;2;0;0;0m [38;2;0;0;0m [38;2;0;0;0m [38;2;0;0;0m [38;2;0;0;0m [38;2;0;0;0m [38;2;0;0;0m [38;2;0;0;0m [38;2;0;0;0m [38;2;0;0;0m [38;2;0;0;0m [38;2;0;0;0m [38;2;0;0;0m [38;2;0;0;0m [38;2;0;0;0m [38;2;9;6;9m [38;2;72;32;80m:[38;2;119;53;149m-[38;2;121;72;174m-[38;2;120;70;171m-[38;2;125;37;147m:[38;2;124;33;157m:[38;2;123;34;159m:[38;2;122;35;163m:[38;2;121;44;169m:[38;2;120;53;174m-[38;2;120;58;177m-[38;2;118;64;179m-[38;2;119;52;176m-[38;2;120;40;171m:[38;2;119;41;171m:[38;2;115;62;179m-[38;2;114;84;186m-[38;2;115;96;190m=[38;2;115;102;192m=[38;2;116;105;194m=[38;2;117;108;195m=[38;2;117;109;196m=[38;2;118;111;197m=[38;2;118;113;198m=[38;2;119;114;199m=[38;2;122;115;200m=[38;2;126;110;200m=[38;2;139;100;196m=[38;2;125;68;136m-[38;2;37;15;30m.[38;2;5;3;5m [38;2;2;1;2m [38;2;0;0;0m [38;2;0;0;0m [38;2;0;0;0m [38;2;0;0;0m [38;2;0;0;0m [0m
[38;2;0;0;0m [38;2;0;0;0m [38;2;0;0;0m [38;2;0;0;0m [38;2;0;0;0m [38;2;0;0;0m [38;2;0;0;0m [38;2;0;0;0m [38;2;0;0;0m [38;2;0;0;0m [38;2;0;0;0m [38;2;0;0;0m [38;2;0;0;0m [38;2;0;0;0m [38;2;0;0;0m [38;2;0;0;0m [38;2;0;0;0m [38;2;0;0;0m [38;2;0;0;0m [38;2;0;0;0m [38;2;8;5;8m [38;2;85;32;83m:[38;2;131;36;150m:[38;2;126;42;164m:[38;2;125;37;162m:[38;2;124;36;165m:[38;2;123;41;169m:[38;2;121;64;178m-[38;2;117;93;187m=[38;2;114;106;191m=[38;2;115;111;193m=[38;2;114;114;195m=[38;2;115;107;194m=[38;2;118;71;185m-[38;2;120;43;174m:[38;2;118;40;173m:[38;2;115;46;176m:[38;2;114;56;180m-[38;2;114;66;185m-[38;2;115;77;187m-[38;2;115;87;190m=[38;2;116;96;193m=[38;2;117;104;195m=[38;2;119;109;197m=[38;2;121;112;198m=[38;2;124;115;200m=[38;2;149;113;200m=[38;2;158;81;144m=[38;2;29;14;23m.[38;2;0;0;0m [38;2;0;0;0m [38;2;0;0;0m [38;2;0;0;0m [38;2;0;0;0m [38;2;0;0;0m [38;2;0;0;0m [38;2;0;0;0m [0m
[38;2;0;0;0m [38;2;0;0;0m [38;2;0;0;0m [38;2;0;0;0m [38;2;0;0;0m [38;2;0;0;0m [38;2;0;0;0m [38;2;0;0;0m [38;2;0;0;0m [38;2;0;0;0m [38;2;0;0;0m [38;2;0;0;0m [38;2;0;0;0m [38;2;0;0;0m [38;2;0;0;0m [38;2;0;0;0m [38;2;0;0;0m [38;2;1;0;1m [38;2;13;7;12m [38;2;21;7;17m [38;2;31;10;26m.[38;2;96;35;103m:[38;2;130;41;161m:[38;2;127;45;169m-[38;2;125;50;172m-[38;2;124;56;175m-[38;2;119;82;184m-[38;2;115;103;190m=[38;2;115;107;191m=[38;2;115;110;192m=[38;2;115;113;193m=[38;2;115;115;195m=[38;2;114;116;196m=[38;2;114;113;196m=[38;2;117;77;187m-[38;2;119;44;177m:[38;2;117;40;175m:[38;2;116;40;176m:[38;2;116;41;177m:[38;2;118;45;180m:[38;2;119;52;177m-[38;2;118;62;181m-[38;2;122;77;189m-[38;2;123;91;194m=[38;2;125;102;198m=[38;2;128;109;200m=[38;2;150;110;193m=[38;2;119;57;93m-[38;2;4;2;2m [38;2;0;0;0m [38;2;0;0;0m [38;2;0;0;0m [38;2;0;0;0m [38;2;0;0;0m [38;2;0;0;0m [38;2;0;0;0m [38;2;0;0;0m [0m
[38;2;0;0;0m [38;2;0;0;0m [38;2;0;0;0m [38;2;0;0;0m [38;2;0;0;0m [38;2;0;0;0m [38;2;0;0;0m [38;2;0;0;0m [38;2;0;0;0m [38;2;0;0;0m [38;2;0;0;0m [38;2;0;0;0m [38;2;0;0;0m [38;2;0;0;0m [38;2;0;0;0m [38;2;1;0;1m [38;2;9;5;9m [38;2;43;28;50m.[38;2;106;80;137m-[38;2;125;84;151m-[38;2;129;72;148m-[38;2;134;70;170m-[38;2;128;87;184m=[38;2;122;101;190m=[38;2;119;105;191m=[38;2;117;105;190m=[38;2;116;107;191m=[38;2;115;107;192m=[38;2;116;108;192m=[38;2;116;109;191m=[38;2;115;111;193m=[38;2;115;113;194m=[38;2;115;114;195m=[38;2;114;115;195m=[38;2;114;111;196m=[38;2;118;64;184m-[38;2;118;42;178m:[38;2;118;42;177m:[38;2;121;44;178m:[38;2;154;52;168m-[38;2;75;29;76m.[38;2;41;20;54m.[38;2;55;27;75m.[38;2;71;37;97m:[38;2;81;45;113m:[38;2;80;48;110m:[38;2;60;35;72m:[38;2;18;8;14m [38;2;0;0;0m [38;2;0;0;0m [38;2;0;0;0m [38;2;0;0;0m [38;2;0;0;0m [38;2;0;0;0m [38;2;0;0;0m [38;2;0;0;0m [38;2;0;0;0m [0m
[38;2;0;0;0m [38;2;0;0;0m [38;2;0;0;0m [38;2;0;0;0m [38;2;0;0;0m [38;2;0;0;0m [38;2;0;0;0m [38;2;0;0;0m [38;2;0;0;0m [38;2;0;0;0m [38;2;0;0;0m [38;2;0;0;0m [38;2;0;0;0m [38;2;0;0;0m [38;2;5;2;4m [38;2;56;32;60m.[38;2;106;73;130m-[38;2;133;98;170m=[38;2;134;112;188m=[38;2;130;114;190m=[38;2;126;116;193m=[38;2;126;116;192m=[38;2;127;117;194m=[38;2;125;118;195m=[38;2;120;117;195m=[38;2;118;114;193m=[38;2;117;111;193m=[38;2;117;110;192m=[38;2;116;109;192m=[38;2;115;109;192m=[38;2;115;111;193m=[38;2;115;112;193m=[38;2;115;113;195m=[38;2;115;113;195m=[38;2;114;113;196m=[38;2;116;87;190m=[38;2;121;45;179m:[38;2;123;44;178m:[38;2;144;50;173m-[38;2;102;35;89m:[38;2;9;3;6m [38;2;0;0;0m [38;2;0;0;0m [38;2;0;0;0m [38;2;1;1;1m [38;2;1;0;1m [38;2;0;0;0m [38;2;0;0;0m [38;2;0;0;0m [38;2;0;0;0m [38;2;0;0;0m [38;2;0;0;0m [38;2;0;0;0m [38;2;0;0;0m [38;2;0;0;0m [38;2;0;0;0m [38;2;0;0;0m [0m
[38;2;0;0;0m [38;2;0;0;0m [38;2;0;0;0m [38;2;0;0;0m [38;2;0;0;0m [38;2;0;0;0m [38;2;0;0;0m [38;2;0;0;0m [38;2;0;0;0m [38;2;6;3;6m [38;2;21;10;19m [38;2;31;15;29m.[38;2;56;28;52m.[38;2;63;39;70m:[38;2;77;51;91m:[38;2;132;85;160m=[38;2;138;106;185m=[38;2;136;111;188m=[38;2;134;114;190m=[38;2;131;117;192m=[38;2;127;119;195m=[38;2;125;120;196m=[38;2;124;120;197m=[38;2;123;120;196m=[38;2;121;121;196m=[38;2;120;119;195m=[38;2;119;117;196m=[38;2;118;116;195m=[38;2;117;114;194m=[38;2;116;113;193m=[38;2;116;112;194m=[38;2;116;113;194m=[38;2;116;113;194m=[38;2;116;113;195m=[38;2;116;112;195m=[38;2;118;98;192m=[38;2;130;51;180m-[38;2;170;53;179m-[38;2;141;46;116m-[38;2;16;6;12m [38;2;0;0;0m [38;2;0;0;0m [38;2;0;0;0m [38;2;0;0;0m [38;2;0;0;0m [38;2;0;0;0m [38;2;0;0;0m [38;2;0;0;0m [38;2;0;0;0m [38;2;0;0;0m [38;2;0;0;0m [38;2;0;0;0m [38;2;0;0;0m [38;2;0;0;0m [38;2;0;0;0m [38;2;0;0;0m [38;2;0;0;0m [0m
[38;2;0;0;0m [38;2;0;0;0m [38;2;0;0;0m [38;2;0;0;0m [38;2;3;1;3m [38;2;10;6;10m [38;2;16;11;19m [38;2;29;20;35m.[38;2;54;38;65m:[38;2;95;68;117m-[38;2;125;91;157m=[38;2;129;100;170m=[38;2;138;108;182m=[38;2;135;111;187m=[38;2;132;113;188m=[38;2;130;115;190m=[38;2;129;116;191m=[38;2;127;117;192m=[38;2;125;118;193m=[38;2;124;118;193m=[38;2;122;118;194m=[38;2;121;120;195m=[38;2;122;121;196m=[38;2;121;121;196m=[38;2;120;122;197m=[38;2;120;122;197m=[38;2;121;121;196m=[38;2;121;120;196m=[38;2;119;119;197m=[38;2;119;118;196m=[38;2;118;117;196m=[38;2;118;116;195m=[38;2;117;115;195m=[38;2;118;115;195m=[38;2;118;114;196m=[38;2;144;104;193m=[38;2;185;64;182m-[38;2;210;71;175m=[38;2;124;47;102m:[38;2;30;15;29m.[38;2;4;2;3m [38;2;0;0;0m [38;2;0;0;0m [38;2;0;0;0m [38;2;0;0;0m [38;2;0;0;0m [38;2;0;0;0m [38;2;0;0;0m [38;2;0;0;0m [38;2;0;0;0m [38;2;0;0;0m [38;2;0;0;0m [38;2;0;0;0m [38;2;0;0;0m [38;2;0;0;0m [38;2;0;0;0m [38;2;0;0;0m [0m
[38;2;0;0;0m [38;2;0;0;0m [38;2;4;3;6m [38;2;35;27;46m.[38;2;79;64;109m:[38;2;99;85;145m-[38;2;104;95;160m=[38;2;111;105;175m=[38;2;117;113;187m=[38;2;119;117;194m=[38;2;117;118;194m=[38;2;116;118;194m=[38;2;116;118;194m=[38;2;116;118;194m=[38;2;117;118;194m=[38;2;117;118;194m=[38;2;117;118;194m=[38;2;118;118;194m=[38;2;118;119;194m=[38;2;119;117;193m=[38;2;122;111;186m=[38;2;122;111;187m=[38;2;124;117;193m=[38;2;128;117;193m=[38;2;127;117;194m=[38;2;122;121;196m=[38;2;121;122;197m=[38;2;121;121;197m=[38;2;122;121;197m=[38;2;121;122;198m=[38;2;121;121;198m=[38;2;120;121;198m=[38;2;121;120;198m=[38;2;121;119;198m=[38;2;123;118;198m=[38;2;174;111;191m+[38;2;177;92;184m=[38;2;192;104;184m+[38;2;170;87;166m=[38;2;139;81;154m-[38;2;99;60;102m-[38;2;37;19;30m.[38;2;12;5;6m [38;2;1;0;1m [38;2;0;0;0m [38;2;0;0;0m [38;2;0;0;0m [38;2;0;0;0m [38;2;0;0;0m [38;2;0;0;0m [38;2;0;0;0m [38;2;0;0;0m [38;2;0;0;0m [38;2;0;0;0m [38;2;0;0;0m [38;2;0;0;0m [38;2;0;0;0m [0m
[38;2;0;0;0m [38;2;15;12;21m [38;2;71;59;103m:[38;2;113;99;170m=[38;2;120;109;186m=[38;2;117;113;190m=[38;2;114;116;193m=[38;2;113;117;194m=[38;2;112;117;194m=[38;2;112;117;194m=[38;2;112;117;193m=[38;2;112;118;194m=[38;2;112;118;194m=[38;2;112;118;194m=[38;2;112;118;194m=[38;2;112;118;194m=[38;2;113;118;194m=[38;2;113;119;195m=[38;2;114;119;195m=[38;2;115;119;196m=[38;2;118;116;192m=[38;2;122;106;182m=[38;2;122;109;185m=[38;2;123;114;189m=[38;2;129;112;188m=[38;2;133;115;192m=[38;2;133;117;193m=[38;2;129;118;193m=[38;2;124;120;196m=[38;2;123;122;198m+[38;2;124;122;198m+[38;2;123;122;198m+[38;2;123;122;199m+[38;2;123;122;199m+[38;2;124;121;199m=[38;2;137;118;196m+[38;2;155;114;194m+[38;2;203;122;194m+[38;2;166;121;195m+[38;2;159;116;193m+[38;2;160;110;188m=[38;2;159;100;161m=[38;2;161;75;105m-[38;2;114;53;70m:[38;2;87;45;63m:[38;2;61;33;49m.[38;2;35;18;26m.[38;2;11;5;7m [38;2;1;0;0m [38;2;0;0;0m [38;2;0;0;0m [38;2;0;0;0m [38;2;0;0;0m [38;2;0;0;0m [38;2;0;0;0m [38;2;0;0;0m [38;2;0;0;0m [0m
[38;2;7;3;8m [38;2;80;51;105m:[38;2;121;94;172m=[38;2;120;106;183m=[38;2;115;113;189m=[38;2;112;116;192m=[38;2;111;117;193m=[38;2;111;117;193m=[38;2;111;117;193m=[38;2;111;117;193m=[38;2;111;117;193m=[38;2;111;117;193m=[38;2;111;117;193m=[38;2;111;117;193m=[38;2;112;118;194m=[38;2;112;118;194m=[38;2;112;118;194m=[38;2;112;118;194m=[38;2;113;118;194m=[38;2;113;119;195m=[38;2;114;119;195m=[38;2;115;119;195m=[38;2;117;118;194m=[38;2;118;117;192m=[38;2;125;101;176m=[38;2;124;106;182m=[38;2;126;113;191m=[38;2;132;116;193m=[38;2;138;113;191m=[38;2;134;117;194m=[38;2;127;121;198m+[38;2;130;122;198m+[38;2;134;121;198m+[38;2;127;122;199m+[38;2;125;123;199m+[38;2;126;122;199m+[38;2;132;121;199m+[38;2;156;121;198m+[38;2;141;123;199m+[38;2;140;124;199m+[38;2;195;125;195m+[38;2;181;121;192m+[38;2;173;117;185m+[38;2;225;119;171m+[38;2;235;118;165m+[38;2;217;115;166m+[38;2;202;108;155m+[38;2;172;91;126m=[38;2;103;55;76m:[38;2;40;20;29m.[38;2;8;4;5m [38;2;0;0;0m [38;2;0;0;0m [38;2;0;0;0m [38;2;0;0;0m [38;2;0;0;0m [38;2;0;0;0m [0m
[38;2;36;15;34m.[38;2;111;71;140m-[38;2;118;106;183m=[38;2;112;115;192m=[38;2;111;116;192m=[38;2;110;116;192m=[38;2;110;116;192m=[38;2;111;117;193m=[38;2;111;117;193m=[38;2;111;117;193m=[38;2;111;117;193m=[38;2;111;117;193m=[38;2;111;117;193m=[38;2;112;116;192m=[38;2;111;117;193m=[38;2;112;118;194m=[38;2;112;118;194m=[38;2;113;118;194m=[38;2;115;115;191m=[38;2;113;118;194m=[38;2;114;119;195m=[38;2;114;118;195m=[38;2;115;118;195m=[38;2;117;114;191m=[38;2;118;117;194m=[38;2;124;118;194m=[38;2;125;117;194m=[38;2;130;117;194m=[38;2;125;116;194m=[38;2;134;114;193m=[38;2;144;116;194m+[38;2;142;119;196m+[38;2;140;121;198m+[38;2;165;121;196m+[38;2;148;122;198m+[38;2;129;122;199m+[38;2;127;122;199m+[38;2;133;122;199m+[38;2;152;122;199m+[38;2;150;123;199m+[38;2;147;123;199m+[38;2;161;123;199m+[38;2;134;120;197m+[38;2;159;120;193m+[38;2;217;126;189m+[38;2;243;126;184m+[38;2;242;124;181m+[38;2;242;126;179m+[38;2;232;123;174m+[38;2;191;102;151m=[38;2;122;68;108m-[38;2;46;26;40m.[38;2;4;2;3m [38;2;0;0;0m [38;2;0;0;0m [38;2;0;0;0m [38;2;0;0;0m [0m
[38;2;65;36;70m:[38;2;116;102;176m=[38;2;112;114;191m=[38;2;110;115;192m=[38;2;110;116;192m=[38;2;110;116;192m=[38;2;110;116;192m=[38;2;110;116;192m=[38;2;110;116;192m=[38;2;111;117;193m=[38;2;111;117;193m=[38;2;111;117;193m=[38;2;112;116;192m=[38;2;114;114;190m=[38;2;111;117;193m=[38;2;111;117;193m=[38;2;112;118;194m=[38;2;113;116;193m=[38;2;114;116;192m=[38;2;113;118;194m=[38;2;113;117;194m=[38;2;114;109;190m=[38;2;118;91;180m=[38;2;123;78;162m-[38;2;119;104;183m=[38;2;122;116;194m=[38;2;130;118;195m=[38;2;169;119;195m+[38;2;153;114;192m+[38;2;127;92;184m=[38;2;130;88;184m=[38;2;144;106;189m=[38;2;162;113;190m+[38;2;202;117;192m+[38;2;190;120;193m+[38;2;162;121;194m+[38;2;133;122;199m+[38;2;129;122;200m+[38;2;134;122;200m+[38;2;163;122;198m+[38;2;148;121;198m+[38;2;131;121;200m+[38;2;130;121;199m+[38;2;135;121;198m+[38;2;154;119;194m+[38;2;202;124;192m+[38;2;238;127;190m+[38;2;229;122;187m+[38;2;231;123;184m+[38;2;238;126;181m+[38;2;211;115;174m+[38;2;161;92;151m=[38;2;77;39;62m:[38;2;5;2;3m [38;2;0;0;0m [38;2;0;0;0m [38;2;0;0;0m [0m
[38;2;82;58;107m:[38;2;112;110;186m=[38;2;111;114;191m=[38;2;110;116;192m=[38;2;110;116;192m=[38;2;110;116;192m=[38;2;110;116;192m=[38;2;110;116;192m=[38;2;110;116;192m=[38;2;110;116;192m=[38;2;111;117;193m=[38;2;111;117;193m=[38;2;112;117;193m=[38;2;114;113;188m=[38;2;111;117;193m=[38;2;112;117;193m=[38;2;113;116;192m=[38;2;113;116;193m=[38;2;112;116;192m=[38;2;114;108;188m=[38;2;117;86;179m=[38;2;119;71;176m-[38;2;118;85;182m-[38;2;124;74;164m-[38;2;125;68;169m-[38;2;120;90;182m=[38;2;122;94;186m=[38;2;132;104;188m=[38;2;154;114;191m+[38;2;142;109;190m=[38;2;128;98;184m=[38;2;124;107;190m=[38;2;131;109;190m=[38;2;156;112;191m=[38;2;175;112;189m+[38;2;169;112;187m+[38;2;173;116;191m+[38;2;141;121;198m+[38;2;131;122;199m+[38;2;135;121;198m+[38;2;162;117;195m+[38;2;142;118;197m+[38;2;132;121;199m+[38;2;139;120;199m+[38;2;168;121;197m+[38;2;159;118;193m+[38;2;189;121;192m+[38;2;211;124;193m+[38;2;167;120;195m+[38;2;208;119;186m+[38;2;243;125;184m+[38;2;234;124;183m+[38;2;197;99;158m=[38;2;81;35;57m:[38;2;2;1;1m [38;2;0;0;0m [38;2;0;0;0m [0m
[38;2;104;82;146m-[38;2;111;113;190m=[38;2;111;114;191m=[38;2;110;115;192m=[38;2;110;116;192m=[38;2;110;116;192m=[38;2;110;116;192m=[38;2;110;116;192m=[38;2;110;116;192m=[38;2;110;116;192m=[38;2;110;116;192m=[38;2;111;117;193m=[38;2;112;117;193m=[38;2;117;111;187m=[38;2;113;116;192m=[38;2;115;114;190m=[38;2;114;115;190m=[38;2;115;112;186m=[38;2;118;101;178m=[38;2;118;99;183m=[38;2;120;81;179m-[38;2;116;103;190m=[38;2;115;113;190m=[38;2;121;100;177m=[38;2;117;105;188m=[38;2;116;110;190m=[38;2;123;90;175m=[38;2;131;53;148m-[38;2;126;71;170m-[38;2;126;89;183m=[38;2;125;103;189m=[38;2;123;112;193m=[38;2;123;114;194m=[38;2;125;114;193m=[38;2;130;115;194m=[38;2;141;114;192m=[38;2;165;110;188m=[38;2;188;111;184m+[38;2;161;118;193m+[38;2;139;120;197m+[38;2;156;119;196m+[38;2;190;116;192m+[38;2;147;118;196m+[38;2;139;120;198m+[38;2;165;119;196m+[38;2;204;116;190m+[38;2;170;109;186m+[38;2;196;115;191m+[38;2;193;119;195m+[38;2;182;122;196m+[38;2;228;124;191m+[38;2;249;134;196m*[38;2;224;120;177m+[38;2;79;39;61m:[38;2;6;3;5m [38;2;0;0;0m [38;2;0;0;0m [0m
[38;2;104;100;171m=[38;2;111;113;190m=[38;2;110;115;191m=[38;2;109;115;191m=[38;2;110;116;192m=[38;2;110;116;192m=[38;2;110;116;192m=[38;2;110;116;192m=[38;2;110;116;192m=[38;2;110;116;192m=[38;2;110;116;192m=[38;2;110;116;192m=[38;2;113;116;192m=[38;2;121;109;183m=[38;2;114;115;190m=[38;2;114;114;190m=[38;2;117;106;180m=[38;2;121;102;175m=[38;2;119;110;186m=[38;2;118;108;185m=[38;2;116;108;186m=[38;2;114;115;192m=[38;2;119;106;181m=[38;2;121;105;181m=[38;2;119;108;186m=[38;2;116;113;191m=[38;2;119;112;188m=[38;2;127;85;163m=[38;2;124;83;176m-[38;2;124;96;183m=[38;2;128;86;177m=[38;2;130;77;172m-[38;2;128;95;184m=[38;2;127;108;190m=[38;2;128;112;193m=[38;2;129;114;193m=[38;2;135;116;194m=[38;2;163;113;190m+[38;2;218;104;182m+[38;2;190;109;187m+[38;2;176;119;194m+[38;2;222;122;196m+[38;2;211;119;193m+[38;2;166;111;184m+[38;2;175;94;168m=[38;2;130;53;102m-[38;2;82;32;64m:[38;2;128;53;102m-[38;2;183;76;143m=[38;2;203;89;160m=[38;2;195;90;153m=[38;2;188;89;144m=[38;2;191;96;150m=[38;2;111;55;89m:[38;2;14;8;12m [38;2;0;0;0m [38;2;0;0;0m [0m
[38;2;87;82;142m-[38;2;109;110;186m=[38;2;110;114;191m=[38;2;109;115;191m=[38;2;109;115;191m=[38;2;109;115;191m=[38;2;110;116;192m=[38;2;110;116;192m=[38;2;110;116;192m=[38;2;110;116;192m=[38;2;110;116;192m=[38;2;111;116;192m=[38;2;119;113;189m=[38;2;123;104;180m=[38;2;115;108;186m=[38;2;119;99;177m=[38;2;119;104;180m=[38;2;119;109;186m=[38;2;119;110;186m=[38;2;123;100;176m=[38;2;116;111;188m=[38;2;119;106;181m=[38;2;121;103;178m=[38;2;121;105;182m=[38;2;122;102;179m=[38;2;120;112;190m=[38;2;127;113;190m=[38;2;136;105;183m=[38;2;135;97;182m=[38;2;131;103;186m=[38;2;139;106;187m=[38;2;160;76;157m=[38;2;147;52;137m-[38;2;133;65;142m-[38;2;149;82;166m=[38;2;156;87;172m=[38;2;171;103;184m=[38;2;202;114;192m+[38;2;230;112;190m+[38;2;220;107;182m+[38;2;208;108;170m+[38;2;181;88;144m=[38;2;142;69;113m-[38;2;60;28;49m.[38;2;49;16;35m.[38;2;10;3;7m [38;2;0;0;0m [38;2;3;1;2m [38;2;18;5;12m [38;2;32;11;23m.[38;2;24;9;19m [38;2;14;5;9m [38;2;17;6;12m [38;2;7;3;5m [38;2;0;0;0m [38;2;0;0;0m [38;2;0;0;0m [0m
[38;2;15;13;23m [38;2;47;44;76m:[38;2;75;74;125m-[38;2;92;93;157m-[38;2;101;104;174m=[38;2;106;110;184m=[38;2;109;113;189m=[38;2;110;114;191m=[38;2;110;115;191m=[38;2;111;115;191m=[38;2;111;114;191m=[38;2;112;115;191m=[38;2;136;100;177m=[38;2;132;77;160m-[38;2;121;91;173m=[38;2;116;105;184m=[38;2;115;110;188m=[38;2;119;106;183m=[38;2;130;102;179m=[38;2;124;100;176m=[38;2;119;104;180m=[38;2;119;101;178m=[38;2;117;103;180m=[38;2;123;89;164m=[38;2;126;77;152m-[38;2;133;71;145m-[38;2;168;75;149m=[38;2;160;70;137m-[38;2;117;56;109m-[38;2;102;50;100m:[38;2;151;58;121m-[38;2;126;42;91m:[38;2;39;13;28m.[38;2;18;6;13m [38;2;52;14;35m.[38;2;97;27;66m:[38;2;138;47;99m:[38;2;134;56;103m-[38;2;86;37;66m:[38;2;64;28;48m.[38;2;34;13;24m.[38;2;12;4;9m [38;2;4;1;3m [38;2;0;0;0m [38;2;0;0;0m [38;2;0;0;0m [38;2;0;0;0m [38;2;0;0;0m [38;2;0;0;0m [38;2;0;0;0m [38;2;0;0;0m [38;2;0;0;0m [38;2;0;0;0m [38;2;0;0;0m [38;2;0;0;0m [38;2;0;0;0m [38;2;0;0;0m [0m
[38;2;0;0;0m [38;2;0;0;1m [38;2;4;3;6m [38;2;13;11;20m [38;2;24;23;39m.[38;2;37;36;61m.[38;2;52;51;86m:[38;2;67;65;110m:[38;2;79;78;132m-[38;2;88;87;147m-[38;2;94;93;158m-[38;2;100;95;160m=[38;2;123;78;145m-[38;2;112;82;153m-[38;2;105;95;166m=[38;2;107;97;169m=[38;2;115;96;169m=[38;2;123;90;165m=[38;2;138;71;144m-[38;2;120;67;135m-[38;2;109;59;120m-[38;2;94;48;100m:[38;2;78;35;78m:[38;2;66;22;57m.[38;2;56;14;42m.[38;2;45;10;32m.[38;2;32;8;21m [38;2;16;4;10m [38;2;4;1;3m [38;2;4;1;2m [38;2;11;3;7m [38;2;4;1;3m [38;2;0;0;0m [38;2;0;0;0m [38;2;0;0;0m [38;2;1;0;0m [38;2;3;1;2m [38;2;4;1;3m [38;2;0;0;0m [38;2;0;0;0m [38;2;0;0;0m [38;2;0;0;0m [38;2;0;0;0m [38;2;0;0;0m [38;2;0;0;0m [38;2;0;0;0m [38;2;0;0;0m [38;2;0;0;0m [38;2;0;0;0m [38;2;0;0;0m [38;2;0;0;0m [38;2;0;0;0m [38;2;0;0;0m [38;2;0;0;0m [38;2;0;0;0m [38;2;0;0;0m [38;2;0;0;0m [0m
